ID	LAT	LONG
0	46.9819192	17.9641867
1	46.9797399	17.9601051
2	46.9784207	17.9556514
3	46.9783425	17.9525764
4	46.9792751	17.9469836
5	46.9794455	17.9434258
6	46.9787107	17.9402813
7	46.9772573	17.9365664
8	46.9822066	17.9317829
9	46.9822997	17.9329801
10	46.9827299	17.9355583
11	46.9829137	17.9370729
12	46.9828795	17.9378878
13	46.9826701	17.9399344
14	46.9829101	17.9405707
15	46.983385	17.9411216
16	46.9842942	17.94279
17	46.9845446	17.9434462
18	46.9846958	17.9441886
19	46.9850767	17.9448025
20	46.9866382	17.9476174
21	46.9873645	17.9483713
22	46.9883915	17.9510707
23	46.9886139	17.9514586
24	46.9900759	17.9523929
25	46.99147	17.9533333
26	46.9821482	17.9312953
27	46.9826286	17.9390475
28	46.9827683	17.9403692
29	46.9831867	17.9408208
30	46.9838647	17.9422333
31	46.9847795	17.9443561
32	46.9858821	17.9458916
33	46.9877898	17.9491174
34	46.9879993	17.9495685
35	46.9885113	17.9513023
36	46.9890284	17.9518008
37	46.9907583	17.9528983
38	46.9825228	17.925841
39	46.9792207	17.958918
40	46.9787415	17.9573808
41	46.9783067	17.9541177
42	46.9784475	17.9516032
43	46.979471	17.9450601
44	46.9793096	17.9424215
45	46.9780323	17.9383387
46	46.9794724	17.9441724
47	46.9793085	17.9442948
48	46.9892861	17.9519468
49	46.9825714	17.9414263
50	46.9812289	17.9640446
51	46.9803679	17.9633409
52	46.9802839	17.9630398
53	46.980155	17.9620358
54	46.9788431	17.9589815
55	46.9784438	17.9581447
56	46.9775854	17.9564232
57	46.9773738	17.9559546
58	46.9771906	17.9555003
59	46.976867	17.954377
60	46.9768784	17.9525616
61	46.9772161	17.9513093
62	46.9776893	17.9504955
63	46.9782591	17.949822
64	46.9786268	17.9489116
65	46.97916	17.9466027
66	46.9793169	17.9454584
67	46.9792411	17.9443438
68	46.9826123	17.9658073
69	46.9760129	17.934234
70	46.9755894	17.9334475
71	46.9764746	17.9350725
72	46.9743361	17.9311653
73	46.9817157	17.9637765
74	46.9788407	17.9493215
75	46.9806732	17.9637997
76	46.9808576	17.9639469
77	46.9810215	17.9640229
78	46.9818331	17.964005
79	46.9802336	17.9625911
80	46.979983	17.9613488
81	46.9800679	17.9616298
82	46.9793955	17.9460245
83	46.9791203	17.9416329
84	46.9785109	17.9510622
85	46.9774292	17.9369124
86	46.9828592	17.9267968
87	46.9832993	17.9409603
88	46.9832725	17.9280021
89	46.9840473	17.939806
90	46.984061	17.9396546
91	46.9841011	17.939391
92	46.984094	17.9290326
93	46.9844688	17.9388413
94	46.9845012	17.9299168
95	46.9847472	17.9316686
96	46.9847226	17.9309091
97	46.9847923	17.9316944
98	46.9848826	17.9317094
99	46.9850942	17.9317298
100	46.9854537	17.9323322
101	46.9859516	17.937401
102	46.985819	17.9331294
103	46.9866883	17.9365637
104	46.9867872	17.9363182
105	46.9868667	17.9361328
106	46.9869187	17.9360005
107	46.9870923	17.9355903
108	46.9872101	17.9361919
109	46.987363	17.9343187
110	46.9874445	17.9347176
111	46.9874004	17.9345772
112	46.9874476	17.9360446
113	46.9875101	17.9335693
114	46.9876044	17.9361486
115	46.9876974	17.93296
116	46.9879865	17.936681
117	46.9883908	17.9378444
118	46.9886532	17.9382366
119	46.9890148	17.9313156
120	46.9889458	17.9388254
121	46.9894954	17.9400764
122	46.9898347	17.9406666
123	46.9899333	17.9308823
124	46.9901694	17.9412364
125	46.9908093	17.9419925
126	46.9912025	17.9430643
127	46.9914703	17.9470468
128	46.9916815	17.9460468
129	46.9916655	17.9465043
130	46.9916707	17.9535493
131	46.9916489	17.9305367
132	46.991874	17.945115
133	46.9918671	17.9441516
134	46.9918763	17.9442822
135	46.9924172	17.9304003
136	46.9760385	17.9571553
137	46.9762998	17.957025
138	46.9756871	17.956973
139	46.9751893	17.9578313
140	46.9748302	17.9575378
141	46.9756182	17.9548054
142	46.9746234	17.9574429
143	46.9757578	17.9581583
144	46.9748925	17.9563872
145	46.9748672	17.9590222
146	46.9754455	17.9546984
147	46.974384	17.9587969
148	46.9761556	17.9551383
149	46.9745297	17.9588648
150	46.9751066	17.9565315
151	46.9766559	17.9585794
152	46.9759675	17.9582534
153	46.9773261	17.9589649
154	46.9759978	17.9574777
155	46.9790535	17.9593909
156	46.9760558	17.9580496
157	46.9780602	17.957363
158	46.9760059	17.9575682
159	46.9747101	17.9571084
160	46.9746549	17.9562595
161	46.9744282	17.9569498
162	46.979864	17.9610384
163	46.9796297	17.9440616
164	46.980338	17.9460307
165	46.9803285	17.9434574
166	46.9808107	17.9457825
167	46.9808458	17.945713
168	46.980857	17.9456032
169	46.9810468	17.9428773
170	46.9819131	17.9415326
171	46.9821465	17.9414842
172	46.9825457	17.9427095
173	46.982898	17.943824
174	46.9832584	17.9409061
175	46.9835241	17.9414363
176	46.9839752	17.9423776
177	46.9840172	17.9424115
178	46.9843795	17.9417265
179	46.984469	17.9431343
180	46.9847811	17.9404381
181	46.9848823	17.9438793
182	46.9853943	17.9411465
183	46.9852215	17.9433063
184	46.9859767	17.9444589
185	46.9877224	17.9355028
186	46.97681	17.9534887
187	46.9768332	17.9530247
188	46.9768245	17.953982
189	46.9769593	17.952135
190	46.9770223	17.9550031
191	46.9770729	17.9517176
192	46.9774075	17.9509238
193	46.9784275	17.9495094
194	46.9792	17.9445395
195	46.9792577	17.9459458
196	46.9793078	17.9449984
197	46.9793242	17.9452149
198	46.9805065	17.9635964
199	46.9882321	17.9355633
200	46.9889294	17.9357548
201	46.989517	17.93665
202	46.9900118	17.9375458
203	46.9905315	17.9387911
204	46.990929	17.9391976
205	46.9912514	17.9396466
206	46.9919272	17.9399896
207	46.992517	17.940591
208	46.993185	17.9411715
209	46.9936926	17.9410732
210	46.994176	17.9403433
211	46.9945882	17.9398692
212	46.9955037	17.9383453
213	46.9790518	17.9557355
214	46.9797234	17.9553648
215	46.9803174	17.9549562
216	46.9808017	17.9545774
217	46.9809072	17.9545422
218	46.9801419	17.9430138
219	46.9802781	17.9428682
220	46.9806487	17.9425684
221	46.9810333	17.9421478
222	46.9815242	17.9417876
223	46.9818609	17.9415935
224	46.9806317	17.9446767
225	46.9823653	17.9430659
226	46.9823964	17.9429489
227	46.9824438	17.9428458
228	46.9829178	17.9375511
229	46.9789267	17.9477318
230	46.9804947	17.9615249
231	46.9800249	17.945134
232	46.9800437	17.9450573
233	46.9800618	17.9452883
234	46.980077	17.9450001
235	46.9802554	17.9460683
236	46.9826899	17.9385816
237	46.9830456	17.9274193
238	46.9830819	17.9275499
239	46.9836949	17.9404997
240	46.9841244	17.9398365
241	46.9841717	17.9398343
242	46.9845001	17.9400834
243	46.98531	17.9450927
244	46.9854903	17.9410841
245	46.9858437	17.9408076
246	46.9870074	17.9352653
247	46.9872917	17.9317389
248	46.9875874	17.9345105
249	46.9878008	17.9342141
250	46.988046	17.9340238
251	46.988207	17.9321317
252	46.9882354	17.9339331
253	46.9884138	17.9338798
254	46.9891496	17.933807
255	46.9777434	17.937601
256	46.9783338	17.9549313
257	46.9789962	17.9582815
258	46.9793986	17.9429622
259	46.9783046	17.9533546
260	46.9788531	17.9578149
261	46.9795314	17.9596543
262	46.9783154	17.9545223
263	46.9789298	17.9409402
264	46.9791115	17.9586196
265	46.9822824	17.9650325
266	46.986884	17.9478908
267	46.9878612	17.9492565
268	46.9893818	17.9398254
269	46.9914971	17.9471434
270	46.9915599	17.9376881
271	46.9915798	17.9377691
272	46.9916015	17.9379579
273	46.9916476	17.9382084
274	46.9916516	17.9462746
275	46.9917251	17.9384891
276	46.9918008	17.9456785
277	46.9918191	17.9388265
278	46.9918766	17.9389969
279	46.9919775	17.9392442
280	46.9920345	17.9394229
281	46.9920909	17.9401045
282	46.9921057	17.9396751
283	46.9921473	17.9399065
284	46.9922008	17.9401003
285	46.9922515	17.9402456
286	46.9923971	17.9451223
287	46.9924936	17.9450212
288	46.9926824	17.9408316
289	46.9927497	17.9446333
290	46.9929123	17.9444573
291	46.9929696	17.9410738
292	46.993431	17.9411807
293	46.9935278	17.9438228
294	46.9936204	17.9411272
295	46.9938049	17.9435285
296	46.9938178	17.9409401
297	46.9939597	17.9407103
298	46.9939927	17.943212
299	46.9942861	17.942616
300	46.9944241	17.9424354
301	46.9945636	17.9421532
302	46.9947647	17.9417776
303	46.9949203	17.9415864
304	46.9950296	17.939116
305	46.9951641	17.9387676
306	46.9951901	17.9413374
307	46.9953236	17.9385414
308	46.9953996	17.941046
309	46.9955034	17.9408519
310	46.9956237	17.9404463
311	46.9957683	17.9401552
312	46.9958512	17.9382578
313	46.9958533	17.938498
314	46.9958649	17.9399492
315	46.9959015	17.9380458
316	46.9959151	17.9397878
317	46.995923	17.9395727
318	46.9846612	17.9304253
319	46.9847144	17.9306776
320	46.9849915	17.9317136
321	46.9874224	17.9338777
322	46.9903929	17.9312806
323	46.9905652	17.9312323
324	46.9908374	17.9311922
325	46.9912474	17.9311246
326	46.9913693	17.9310975
327	46.9914613	17.9310242
328	46.9916205	17.930922
329	46.9916593	17.930669
330	46.9916602	17.9308555
331	46.9916666	17.9307929
332	46.9873806	17.9344259
333	46.9873598	17.9341391
334	46.9873808	17.9340105
335	46.9875866	17.9332134
336	46.987726	17.9362801
337	46.9878413	17.9364181
338	46.9879115	17.9326497
339	46.987908	17.9365196
340	46.9880573	17.9326512
341	46.9881224	17.9370221
342	46.9882206	17.9373614
343	46.9883409	17.9319256
344	46.9884728	17.9380022
345	46.9885242	17.9317362
346	46.9887464	17.9383498
347	46.9888212	17.938465
348	46.9895063	17.9311072
349	46.9896472	17.9403367
350	46.9910201	17.9425004
351	46.9911481	17.9306103
352	46.9914878	17.9436181
353	46.9914678	17.9469815
354	46.9914852	17.9468725
355	46.9915112	17.9468121
356	46.9916686	17.9464284
357	46.9881057	17.9499281
358	46.989954	17.9523019
359	46.9902465	17.9525204
360	46.9906932	17.9390568
361	46.9910161	17.9392776
362	46.9886771	17.9515326
363	46.9875768	17.9356929
364	46.9878305	17.9354592
365	46.9884489	17.9348714
366	46.988751	17.9356757
367	46.9887772	17.9346497
368	46.9891055	17.9346488
369	46.9892457	17.9361054
370	46.9894229	17.9347278
371	46.9895582	17.9337242
372	46.9895884	17.9348067
373	46.9897477	17.9372568
374	46.9898582	17.9350469
375	46.9900708	17.9352292
376	46.990167	17.9352997
377	46.990181	17.9378272
378	46.9902593	17.9352997
379	46.9903956	17.9352057
380	46.9905079	17.9350881
381	46.9905841	17.934994
382	46.9906523	17.9349352
383	46.9907285	17.9349294
384	46.9908849	17.9351175
385	46.9909932	17.9353174
386	46.9910213	17.9355173
387	46.9910734	17.9357172
388	46.9911095	17.935923
389	46.9911736	17.9360523
390	46.9912498	17.9363345
391	46.991306	17.9367578
392	46.9913421	17.9370106
393	46.9913501	17.9371988
394	46.9913782	17.9372928
395	46.9914544	17.9374692
396	46.9785475	17.9565084
397	46.9783549	17.9496791
398	46.9785345	17.9492111
399	46.9790922	17.9469308
400	46.9795636	17.9441111
401	46.9818182	17.9421648
402	46.983684	17.94185
403	46.9784384	17.9557711
404	46.9785146	17.9557542
405	46.9786263	17.9556514
406	46.978726	17.9557934
407	46.9787789	17.9555176
408	46.9788858	17.9554449
409	46.978906	17.9557839
410	46.9789614	17.9554507
411	46.9790462	17.9554698
412	46.9790852	17.9557171
413	46.9792944	17.9556016
414	46.9827013	17.9401338
415	46.9841643	17.939229
416	46.9842469	17.9391151
417	46.9863755	17.9368776
418	46.9884704	17.9325904
419	46.9889343	17.9321893
420	46.9895603	17.931648
421	46.9899496	17.9313757
422	46.9845233	17.9360032
423	46.9845423	17.9356968
424	46.9845993	17.9364488
425	46.9846183	17.9352861
426	46.9846197	17.9438845
427	46.9846515	17.9327797
428	46.9846563	17.9330721
429	46.9846895	17.9324455
430	46.9847038	17.9349937
431	46.9847228	17.9334133
432	46.9847265	17.9370033
433	46.984737	17.9320278
434	46.9847798	17.9338658
435	46.9847833	17.9374258
436	46.9847893	17.9347013
437	46.984832	17.934388
438	46.9848575	17.9379067
439	46.9849318	17.9446002
440	46.9849381	17.9381922
441	46.9849711	17.9383534
442	46.9850295	17.9372012
443	46.9856294	17.9454993
444	46.9858466	17.936319
445	46.9859222	17.9362993
446	46.9859793	17.936324
447	46.9860817	17.9364397
448	46.9861442	17.9465041
449	46.9862395	17.9366563
450	46.9863674	17.9470803
451	46.9864977	17.9473727
452	46.986576	17.9366923
453	46.9866785	17.9461317
454	46.9870378	17.9362316
455	46.9871841	17.9481559
456	46.9873448	17.9455869
457	46.9875596	17.9486885
458	46.9878149	17.9452597
459	46.9882253	17.9506155
460	46.9903536	17.9382595
461	46.9906102	17.9389462
462	46.9916327	17.9398254
463	46.9964209	17.9374955
464	46.9966336	17.9371839
465	46.9826299	17.9393852
466	46.9826457	17.9387863
467	46.9821855	17.9315272
468	46.9822177	17.9320456
469	46.9822248	17.9323778
470	46.982249	17.9326474
471	46.9824113	17.9334948
472	46.982492	17.9339588
473	46.9827598	17.9383622
474	46.9828239	17.9381678
475	46.9821708	17.931436
476	46.9823272	17.9313076
477	46.9825876	17.9313557
478	46.9827344	17.9384418
479	46.9827504	17.9316405
480	46.9828557	17.9385947
481	46.9830289	17.9390873
482	46.9830867	17.9391412
483	46.9831725	17.9391335
484	46.983202	17.9320407
485	46.9832652	17.9390668
486	46.9832807	17.9320407
487	46.9834077	17.938969
488	46.9834595	17.9390642
489	46.9835727	17.9392984
490	46.9836413	17.9386668
491	46.9836798	17.9317893
492	46.983727	17.9317893
493	46.9837428	17.9324256
494	46.9837763	17.939644
495	46.9837935	17.9318714
496	46.9837522	17.9385636
497	46.9839038	17.9321357
498	46.9839546	17.9322331
499	46.9842184	17.9385092
500	46.9845569	17.9384443
501	46.9846409	17.9385153
502	46.9846791	17.9316636
503	46.9846948	17.9386218
504	46.9847645	17.9386839
505	46.985063	17.9387327
506	46.9852161	17.9388943
507	46.9853421	17.9390328
508	46.985443	17.9449662
509	46.9855997	17.9452382
510	46.9856035	17.9392358
511	46.9842494	17.9398576
512	46.9842583	17.9420731
513	46.9848881	17.9373302
514	46.985	17.938159
515	46.985025	17.937969
516	46.98503	17.938076
517	46.9856067	17.9410103
518	46.9882305	17.9450298
519	46.9884338	17.9449065
520	46.9885687	17.944811
521	46.9889387	17.9445317
522	46.9896183	17.9439195
523	46.9896755	17.9438473
524	46.9897247	17.9434586
525	46.9897247	17.9437589
526	46.9897279	17.9435494
527	46.9897358	17.9433841
528	46.9897374	17.9436751
529	46.9897914	17.9432724
530	46.9902122	17.9427184
531	46.9962934	17.9376223
532	46.9839566	17.9400166
533	46.9849651	17.9386934
534	46.9869507	17.9362082
535	46.9871236	17.9362238
536	46.9871707	17.9304845
537	46.9873961	17.9314985
538	46.9873037	17.9307331
539	46.987387	17.9313487
540	46.9873984	17.931614
541	46.987381	17.931219
542	46.9873289	17.9317041
543	46.9873311	17.9361264
544	46.9873728	17.9310946
545	46.9873587	17.9308339
546	46.9873633	17.9309716
547	46.9876261	17.9356015
548	46.9876699	17.9355456
549	46.9881617	17.9502908
550	46.9882387	17.9326337
551	46.9883007	17.9508501
552	46.9886238	17.9324869
553	46.988643	17.9356393
554	46.98884	17.9516804
555	46.9889375	17.9346314
556	46.9890406	17.9358191
557	46.9891518	17.9359467
558	46.9892106	17.9319158
559	46.9892652	17.934675
560	46.989389	17.9363768
561	46.9896234	17.9521104
562	46.9896353	17.936995
563	46.9896926	17.9371597
564	46.9898277	17.9314304
565	46.9900696	17.9376099
566	46.9901065	17.9313377
567	46.9901327	17.9377241
568	46.9914694	17.946922
569	46.9914776	17.9470836
570	46.9916475	17.9465706
571	46.9916566	17.9461589
572	46.9918467	17.9454452
573	46.9918691	17.945286
574	46.9925438	17.9449579
575	46.9925885	17.944879
576	46.9926499	17.9447672
577	46.9928226	17.9409613
578	46.9930736	17.941136
579	46.9931297	17.9411621
580	46.9932184	17.9441341
581	46.9933079	17.9411848
582	46.9935445	17.941157
583	46.9937066	17.9436529
584	46.9937502	17.9410201
585	46.9939088	17.9433674
586	46.9939552	17.9432932
587	46.994189	17.942772
588	46.994242	17.9426735
589	46.9943779	17.9425046
590	46.9944096	17.9400508
591	46.9944716	17.9423455
592	46.9946319	17.9398114
593	46.9946709	17.9397459
594	46.9946929	17.9418959
595	46.9950103	17.9414985
596	46.9951139	17.941411
597	46.9952346	17.9386565
598	46.9954595	17.9409517
599	46.9954835	17.9409044
600	46.9955332	17.9407342
601	46.9955664	17.9405945
602	46.9956643	17.9381945
603	46.9958012	17.9381004
604	46.9958471	17.9383835
605	46.995866	17.9381483
606	46.9958855	17.9390003
607	46.9958946	17.9398837
608	46.9959111	17.9393211
609	46.9959219	17.9396856
610	46.9964944	17.9374026
611	46.9965929	17.937254
612	46.9895626	17.9345835
613	46.984763	17.9337322
614	46.9848274	17.9344219
615	46.988742	17.9515915
616	46.9824083	17.931265
617	46.9824984	17.9312623
618	46.982685	17.9262121
619	46.9943443	17.9425453
620	46.9916675	17.946456
621	46.9895799	17.9368334
622	46.9911332	17.9359709
623	46.982446	17.9336942
624	46.9911896	17.9395496
625	46.9895751	17.9402131
626	46.9907515	17.9390916
627	46.9828265	17.936354
628	46.9845368	17.9357854
629	46.9853496	17.9390386
630	46.9878125	17.9363836
631	46.9880886	17.9498703
632	46.9876773	17.9489079
633	46.98031	17.9433963
634	46.980353	17.9435357
635	46.9795341	17.9441299
636	46.9793868	17.9442358
637	46.9793282	17.9442801
638	46.9792858	17.9443113
639	46.979212	17.9444329
640	46.9827572	17.9403302
641	46.9838252	17.9402728
642	46.9905182	17.9307201
643	46.9775528	17.9563392
644	46.9783495	17.9558705
645	46.9780649	17.9560715
646	46.9777951	17.9562557
647	46.9778635	17.9502896
648	46.9789615	17.9475635
649	46.9808297	17.9457539
650	46.9808553	17.9456641
651	46.9845992	17.9384583
652	46.9883254	17.9339012
653	46.9885017	17.9448584
654	46.9823668	17.9414316
655	46.9836751	17.9395299
656	46.9852252	17.9409381
657	46.9853485	17.9404137
658	46.985386	17.94047
659	46.9853869	17.9405142
660	46.9853828	17.9411713
661	46.9854272	17.9411177
662	46.9851838	17.9408871
663	46.9854876	17.9391128
664	46.9856531	17.9395553
665	46.985708	17.9394722
666	46.9855918	17.939271
667	46.9855879	17.9392237
668	46.9847108	17.9405464
669	46.984537	17.9412679
670	46.9850859	17.9400502
671	46.9849231	17.9402634
672	46.9847895	17.9403882
673	46.9847646	17.9404171
674	46.9836678	17.9399134
675	46.9837314	17.9398967
676	46.9838133	17.9399047
677	46.9839025	17.9399651
678	46.9788177	17.9405987
679	46.9791782	17.9475456
680	46.9921122	17.930411
681	46.9922376	17.9303889
682	46.9922989	17.9303876
683	46.9923597	17.9303909
684	46.9794331	17.9455443
685	46.9934528	17.9419331
686	46.9933174	17.9416475
687	46.9932571	17.9413658
688	46.9932075	17.9411702
689	46.9850808	17.9382468
690	46.9846385	17.9386765
691	46.9840738	17.9398165

